20
0 0.000848282 -9.49309e-05 -0.744919 -5.04526e-06 -0.00104492 1.55423 -6.57315e-06 0.000577131 -0.296768
0.1 0.000848368 -0.000102531 -0.741011 -4.20367e-06 -0.00111882 1.59223 -7.05406e-06 0.000619355 -0.318481
0.2 0.000848468 -0.000111332 -0.736486 -3.22921e-06 -0.00120438 1.63623 -7.61089e-06 0.000668246 -0.343621
0.3 0.000848586 -0.00012164 -0.731185 -2.08773e-06 -0.0013046 1.68776 -8.26317e-06 0.000725517 -0.37307
0.4 0.000848725 -0.000133882 -0.72489 -7.32248e-07 -0.00142361 1.74896 -9.03773e-06 0.000793524 -0.408041
0.5 0.000848894 -0.000148655 -0.717293 9.03635e-07 -0.00156725 1.82282 -9.97252e-06 0.0008756 -0.450245
0.6 0.000849101 -0.000166838 -0.707944 2.91696e-06 -0.00174402 1.91372 -1.1123e-05 0.000976613 -0.502188
0.7 0.000849362 -0.000189762 -0.696155 5.4554e-06 -0.0019669 2.02832 -1.25735e-05 0.00110397 -0.567677
0.8 0.000849701 -0.000219563 -0.680832 8.7552e-06 -0.00225662 2.17731 -1.44591e-05 0.00126953 -0.652809
0.9 0.00085016 -0.000259878 -0.660101 1.32193e-05 -0.00264858 2.37885 -1.701e-05 0.0014935 -0.76798
1 0.000850816 -0.000317466 -0.630489 1.9596e-05 -0.00320846 2.66675 -2.06539e-05 0.00181344 -0.932494
1.1 0.00085183 -0.000406452 -0.584731 2.94494e-05 -0.0040736 3.11162 -2.62844e-05 0.00230781 -1.1867
1.2 0.000853603 -0.00056214 -0.504674 4.66887e-05 -0.00558724 3.88995 -3.61354e-05 0.00317274 -1.63146
1.3 0.000857502 -0.000904483 -0.328636 8.45963e-05 -0.00891557 5.60143 -5.77969e-05 0.00507464 -2.60945
1.4 0.000873072 -0.00227151 0.374309 0.000235967 -0.0222062 12.4356 -0.000144295 0.0126693 -6.5147
1.5 0.000794795 0.00460129 -3.15978 -0.000525056 0.0446127 -21.9235 0.000290576 -0.025513 13.1191
1.6 0.000834067 0.0011531 -1.38667 -0.000143239 0.0110887 -4.68503 7.23948e-05 -0.00635636 3.26853
1.7 0.000839656 0.00066243 -1.13436 -8.89076e-05 0.0063183 -2.23204 4.13482e-05 -0.00363043 1.86681
1.8 0.00084189 0.000466297 -1.03351 -6.71899e-05 0.00441146 -1.25151 2.89381e-05 -0.0025408 1.30651
1.9 0.000843092 0.000360719 -0.97922 -5.54993e-05 0.003385 -0.723694 2.22577e-05 -0.00195426 1.0049
